sample_uid	236983	237017	236982	237144	236936	236964	238805	238249	238252	238811	238819	238831	238830	238813	238836	238818	239608	237350	238823	238913	238815	238826	238827	238828	237444	237703	237979	237623	238809	238958	238715	239171	239195
150710	0	0	0	0	0	0	13611.0	0	0	0	0	0	0	0	0	0	0	0	0	0	0	0	0	0	0	0	0	0	0	0	0	0	0
150475	0	0	0	0	0	0	28007.0	0	0	0	0	0	0	0	0	0	0	0	0	0	0	0	0	0	0	0	0	0	0	0	0	0	0
150709	0	0	0	0	0	0	13447.0	0	0	0	0	0	0	0	0	0	0	0	0	0	0	0	0	0	0	0	0	0	0	0	0	0	0
150685	0	0	0	0	0	0	25007.0	0	0	0	0	0	0	0	0	0	0	0	0	0	0	0	0	0	0	0	0	0	0	0	0	0	0
150461	0	0	0	0	0	0	5512.0	0	0	0	0	0	0	0	0	0	0	0	0	0	0	0	0	0	0	0	0	0	0	0	0	0	0
150713	0	0	0	0	0	0	12725.0	0	0	0	0	0	0	0	0	0	0	0	0	0	0	0	0	0	0	0	0	0	0	0	0	0	0
150703	0	0	0	0	0	0	14617.0	0	0	0	0	0	0	0	0	0	0	0	0	0	0	0	0	0	0	0	0	0	0	0	0	0	0
150437	0	0	0	0	0	0	38062.0	0	0	0	0	0	0	0	0	0	0	0	0	0	0	0	0	0	0	0	0	0	0	0	0	0	0
150458	0	0	0	0	0	0	5441.0	0	0	0	0	0	0	0	0	0	0	0	0	0	0	0	0	0	0	0	0	0	0	0	0	0	0
150696	0	0	0	0	0	0	7490.0	0	0	0	0	0	0	0	0	0	0	0	0	0	0	0	0	0	0	0	0	0	0	0	0	0	0
150311	0	0	0	0	0	0	31335.0	0	0	0	0	0	0	0	0	0	0	0	0	0	0	0	0	0	0	0	0	0	0	0	0	0	0
150469	0	0	0	0	0	0	12209.0	0	0	0	0	0	0	0	0	0	0	0	0	0	0	0	0	0	0	0	0	0	0	0	0	0	0
150465	0	0	0	0	0	0	26533.0	0	0	0	0	0	0	0	0	0	0	0	0	0	0	0	0	0	0	0	0	0	0	0	0	0	0
150715	0	0	0	0	0	0	7335.0	0	0	0	0	0	0	0	0	0	0	0	0	0	0	0	0	0	0	0	0	0	0	0	0	0	0
150695	0	0	0	0	0	0	13960.0	0	0	0	0	0	0	0	0	0	0	0	0	0	0	0	0	0	0	0	0	0	0	0	0	0	0
150705	0	0	0	0	0	0	16848.0	0	0	0	0	0	0	0	0	0	0	0	0	0	0	0	0	0	0	0	0	0	0	0	0	0	0
150470	0	0	0	0	0	0	25642.0	0	0	0	0	0	0	0	0	0	0	0	0	0	0	0	0	0	0	0	0	0	0	0	0	0	0
150692	0	0	0	0	0	0	14499.0	0	0	0	0	0	0	0	0	0	0	0	0	0	0	0	0	0	0	0	0	0	0	0	0	0	0
150442	0	0	0	0	0	0	11123.0	0	0	0	0	0	0	0	0	0	0	0	0	0	0	0	0	0	0	0	0	0	0	0	0	0	0
150698	0	0	0	0	0	0	8266.0	0	0	0	0	0	0	0	0	0	0	0	0	0	0	0	0	0	0	0	0	0	0	0	0	0	0
150443	0	0	0	0	0	0	9398.0	0	0	0	0	0	0	0	0	0	0	0	0	0	0	0	0	0	0	0	0	0	0	0	0	0	0
150577	0	0	0	0	0	0	4902.0	0	0	0	0	0	0	0	0	0	0	0	0	0	0	0	0	0	0	0	0	0	0	0	0	0	0
150336	0	0	0	0	0	0	5776.0	0	0	0	0	0	0	0	0	0	0	0	0	0	0	0	0	0	0	0	0	0	0	0	0	0	0
150268	0	0	0	0	0	0	13627.0	0	0	0	0	0	0	0	0	0	0	0	0	0	0	0	0	0	0	0	0	0	0	0	0	0	0
150762	0	0	0	0	0	0	12012.0	0	0	0	0	0	0	0	0	0	0	0	0	0	0	0	0	0	0	0	0	0	0	0	0	0	0
150565	0	0	0	0	0	0	16687.0	0	0	0	0	0	0	0	0	0	0	0	0	0	0	0	0	0	0	0	0	0	0	0	0	0	0
150541	0	0	0	0	0	0	36340.0	0	0	0	0	0	0	0	0	0	0	0	0	0	0	0	0	0	0	0	0	0	0	0	0	0	0
150439	0	0	0	0	0	0	17661.0	0	0	0	0	0	0	0	0	0	0	0	0	0	0	0	0	0	0	0	0	0	0	0	0	0	0
150235	0	0	0	0	0	0	19135.0	0	0	0	0	0	0	0	0	0	0	0	0	0	0	0	0	0	0	0	0	0	0	0	0	0	0
150446	0	0	0	0	0	0	4313.0	0	0	0	0	0	0	0	0	0	0	0	0	0	0	0	0	0	0	0	0	0	0	0	0	0	0
150447	0	0	0	0	0	0	15970.0	0	0	0	0	0	0	0	0	0	0	0	0	0	0	0	0	0	0	0	0	0	0	0	0	0	0
150261	0	0	0	0	0	0	21746.0	0	0	0	0	0	0	0	0	0	0	0	0	0	0	0	0	0	0	0	0	0	0	0	0	0	0
150699	0	0	0	0	0	0	14166.0	0	0	0	0	0	0	0	0	0	0	0	0	0	0	0	0	0	0	0	0	0	0	0	0	0	0
150256	0	0	0	0	0	0	11902.0	0	0	0	0	0	0	0	0	0	0	0	0	0	0	0	0	0	0	0	0	0	0	0	0	0	0
150576	0	0	0	0	0	0	4128.0	0	0	0	0	0	0	0	0	0	0	0	0	0	0	0	0	0	0	0	0	0	0	0	0	0	0
150347	0	0	0	0	0	0	12784.0	0	0	0	0	0	0	0	0	0	0	0	0	0	0	0	0	0	0	0	0	0	0	0	0	0	0
150557	0	0	0	0	0	0	14660.0	0	0	0	0	0	0	0	0	0	0	0	0	0	0	0	0	0	0	0	0	0	0	0	0	0	0
150344	0	0	0	0	0	0	6446.0	0	0	0	0	0	0	0	0	0	0	0	0	0	0	0	0	0	0	0	0	0	0	0	0	0	0
150335	0	0	0	0	0	0	6954.0	0	0	0	0	0	0	0	0	0	0	0	0	0	0	0	0	0	0	0	0	0	0	0	0	0	0
150613	0	0	0	0	0	0	5729.0	0	0	0	0	0	0	0	0	0	0	0	0	0	0	0	0	0	0	0	0	0	0	0	0	0	0
150571	0	0	0	0	0	0	12207.0	0	0	0	0	0	0	0	0	0	0	0	0	0	0	0	0	0	0	0	0	0	0	0	0	0	0
150694	0	0	0	0	0	0	25609.0	0	0	0	0	0	0	0	0	0	0	0	0	0	0	0	0	0	0	0	0	0	0	0	0	0	0
150479	0	0	0	0	0	0	7539.0	0	0	0	0	0	0	0	0	0	0	0	0	0	0	0	0	0	0	0	0	0	0	0	0	0	0
150448	0	0	0	0	0	0	10076.0	0	0	0	0	0	0	0	0	0	0	0	0	0	0	0	0	0	0	0	0	0	0	0	0	0	0
150314	0	0	0	0	0	0	15135.0	0	0	0	0	0	0	0	0	0	0	0	0	0	0	0	0	0	0	0	0	0	0	0	0	0	0
150707	0	0	0	0	0	0	13810.0	0	0	0	0	0	0	0	0	0	0	0	0	0	0	0	0	0	0	0	0	0	0	0	0	0	0
150774	0	0	0	0	0	0	31446.0	0	0	0	0	0	0	0	0	0	0	0	0	0	0	0	0	0	0	0	0	0	0	0	0	0	0
150435	0	0	0	0	0	0	16821.0	0	0	0	0	0	0	0	0	0	0	0	0	0	0	0	0	0	0	0	0	0	0	0	0	0	0
150420	0	0	0	0	0	0	5516.0	0	0	0	0	0	0	0	0	0	0	0	0	0	0	0	0	0	0	0	0	0	0	0	0	0	0
150436	0	0	0	0	0	0	7295.0	0	0	0	0	0	0	0	0	0	0	0	0	0	0	0	0	0	0	0	0	0	0	0	0	0	0
150502	0	0	0	0	0	0	14386.0	0	0	0	0	0	0	0	0	0	0	0	0	0	0	0	0	0	0	0	0	0	0	0	0	0	0
150444	0	0	0	0	0	0	10404.0	0	0	0	0	0	0	0	0	0	0	0	0	0	0	0	0	0	0	0	0	0	0	0	0	0	0
150348	0	0	0	0	0	0	8961.0	0	0	0	0	0	0	0	0	0	0	0	0	0	0	0	0	0	0	0	0	0	0	0	0	0	0
150337	0	0	0	0	0	0	3844.0	0	0	0	0	0	0	0	0	0	0	0	0	0	0	0	0	0	0	0	0	0	0	0	0	0	0
150691	0	0	0	0	0	0	27949.0	0	0	0	0	0	0	0	0	0	0	0	0	0	0	0	0	0	0	0	0	0	0	0	0	0	0
150588	0	0	0	0	0	0	14198.0	0	0	0	0	0	0	0	0	0	0	0	0	0	0	0	0	0	0	0	0	0	0	0	0	0	0
150464	0	0	0	0	0	0	25856.0	0	0	0	0	0	0	0	0	0	0	0	0	0	0	0	0	0	0	0	0	0	0	0	0	0	0
150708	0	0	0	0	0	0	8114.0	0	0	0	0	0	0	0	0	0	0	0	0	0	0	0	0	0	0	0	0	0	0	0	0	0	0
150342	0	0	0	0	0	0	12127.0	0	0	0	0	0	0	0	0	0	0	0	0	0	0	0	0	0	0	0	0	0	0	0	0	0	0
150270	0	0	0	0	0	0	5619.0	0	0	0	0	0	0	0	0	0	0	0	0	0	0	0	0	0	0	0	0	0	0	0	0	0	0
150729	0	0	0	0	0	0	22216.0	0	0	0	0	0	0	0	0	0	0	0	0	0	0	0	0	0	0	0	0	0	0	0	0	0	0
150477	0	0	0	0	0	0	16366.0	0	0	0	0	0	0	0	0	0	0	0	0	0	0	0	0	0	0	0	0	0	0	0	0	0	0
150449	0	0	0	0	0	0	4549.0	0	0	0	0	0	0	0	0	0	0	0	0	0	0	0	0	0	0	0	0	0	0	0	0	0	0
150483	0	0	0	0	0	0	18380.0	0	0	0	0	0	0	0	0	0	0	0	0	0	0	0	0	0	0	0	0	0	0	0	0	0	0
150639	0	0	0	0	0	0	23250.0	0	0	0	0	0	0	0	0	0	0	0	0	0	0	0	0	0	0	0	0	0	0	0	0	0	0
150542	0	0	0	0	0	0	9734.0	0	0	0	0	0	0	0	0	0	0	0	0	0	0	0	0	0	0	0	0	0	0	0	0	0	0
150478	0	0	0	0	0	0	10731.0	0	0	0	0	0	0	0	0	0	0	0	0	0	0	0	0	0	0	0	0	0	0	0	0	0	0
150662	0	0	0	0	0	0	15069.0	0	0	0	0	0	0	0	0	0	0	0	0	0	0	0	0	0	0	0	0	0	0	0	0	0	0
150333	0	0	0	0	0	0	7598.0	0	0	0	0	0	0	0	0	0	0	0	0	0	0	0	0	0	0	0	0	0	0	0	0	0	0
150346	0	0	0	0	0	0	15407.0	0	0	0	0	0	0	0	0	0	0	0	0	0	0	0	0	0	0	0	0	0	0	0	0	0	0
150543	0	0	0	0	0	0	5279.0	0	0	0	0	0	0	0	0	0	0	0	0	0	0	0	0	0	0	0	0	0	0	0	0	0	0
150322	0	0	0	0	0	0	12382.0	0	0	0	0	0	0	0	0	0	0	0	0	0	0	0	0	0	0	0	0	0	0	0	0	0	0
150573	0	0	0	0	0	0	18113.0	0	0	0	0	0	0	0	0	0	0	0	0	0	0	0	0	0	0	0	0	0	0	0	0	0	0
150771	0	0	0	0	0	0	21910.0	0	0	0	0	0	0	0	0	0	0	0	0	0	0	0	0	0	0	0	0	0	0	0	0	0	0
150462	0	0	0	0	0	0	10833.0	0	0	0	0	0	0	0	0	0	0	0	0	0	0	0	0	0	0	0	0	0	0	0	0	0	0
150702	0	0	0	0	0	0	33323.0	0	0	0	0	0	0	0	0	0	0	0	0	0	0	0	0	0	0	0	0	0	0	0	0	0	0
150730	0	0	0	0	0	0	30033.0	0	0	0	0	0	0	0	0	0	0	0	0	0	0	0	0	0	0	0	0	0	0	0	0	0	0
150553	0	0	0	0	0	0	4736.0	0	0	0	0	0	0	0	0	0	0	0	0	0	0	0	0	0	0	0	0	0	0	0	0	0	0
150566	0	0	0	0	0	0	8744.0	0	0	0	0	0	0	0	0	0	0	0	0	0	0	0	0	0	0	0	0	0	0	0	0	0	0
150463	0	0	0	0	0	0	12465.0	0	0	0	0	0	0	0	0	0	0	0	0	0	0	0	0	0	0	0	0	0	0	0	0	0	0
150518	0	0	0	0	0	0	8902.0	0	0	0	0	0	0	0	0	0	0	0	0	0	0	0	0	0	0	0	0	0	0	0	0	0	0
150687	0	0	0	0	0	0	8511.0	0	0	0	0	0	0	0	0	0	0	0	0	0	0	0	0	0	0	0	0	0	0	0	0	0	0
150359	0	0	0	0	0	0	10356.0	0	0	0	0	0	0	0	0	0	0	0	0	0	0	0	0	0	0	0	0	0	0	0	0	0	0
150237	0	0	0	0	0	0	6645.0	0	0	0	0	0	0	0	0	0	0	0	0	0	0	0	0	0	0	0	0	0	0	0	0	0	0
150480	0	0	0	0	0	0	12438.0	0	0	0	0	0	0	0	0	0	0	0	0	0	0	0	0	0	0	0	0	0	0	0	0	0	0
150426	0	0	0	0	0	0	6313.0	0	0	0	0	0	0	0	0	0	0	0	0	0	0	0	0	0	0	0	0	0	0	0	0	0	0
150415	0	0	0	0	0	0	40633.0	0	0	0	0	0	0	0	0	0	0	0	0	0	0	0	0	0	0	0	0	0	0	0	0	0	0
150712	0	0	0	0	0	0	12141.0	0	0	0	0	0	0	0	0	0	0	0	0	0	0	0	0	0	0	0	0	0	0	0	0	0	0
150484	0	0	0	0	0	0	20277.0	0	0	0	0	0	0	0	0	0	0	0	0	0	0	0	0	0	0	0	0	0	0	0	0	0	0
150265	0	0	0	0	0	0	14345.0	0	0	0	0	0	0	0	0	0	0	0	0	0	0	0	0	0	0	0	0	0	0	0	0	0	0
150609	0	0	0	0	0	0	10108.0	0	0	0	0	0	0	0	0	0	0	0	0	0	0	0	0	0	0	0	0	0	0	0	0	0	0
150431	0	0	0	0	0	0	9521.0	0	0	0	0	0	0	0	0	0	0	0	0	0	0	0	0	0	0	0	0	0	0	0	0	0	0
150560	0	0	0	0	0	0	13987.0	0	0	0	0	0	0	0	0	0	0	0	0	0	0	0	0	0	0	0	0	0	0	0	0	0	0
150457	0	0	0	0	0	0	19585.0	0	0	0	0	0	0	0	0	0	0	0	0	0	0	0	0	0	0	0	0	0	0	0	0	0	0
150471	0	0	0	0	0	0	8848.0	0	0	0	0	0	0	0	0	0	0	0	0	0	0	0	0	0	0	0	0	0	0	0	0	0	0
150525	0	0	0	0	0	0	14198.0	0	0	0	0	0	0	0	0	0	0	0	0	0	0	0	0	0	0	0	0	0	0	0	0	0	0
150767	0	0	0	0	0	0	3288.0	0	0	0	0	0	0	0	0	0	0	0	0	0	0	0	0	0	0	0	0	0	0	0	0	0	0
150769	0	0	0	0	0	0	22190.0	0	0	0	0	0	0	0	0	0	0	0	0	0	0	0	0	0	0	0	0	0	0	0	0	0	0
150607	0	0	0	0	0	0	14252.0	0	0	0	0	0	0	0	0	0	0	0	0	0	0	0	0	0	0	0	0	0	0	0	0	0	0
150570	0	0	0	0	0	0	12890.0	0	0	0	0	0	0	0	0	0	0	0	0	0	0	0	0	0	0	0	0	0	0	0	0	0	0
150467	0	0	0	0	0	0	32185.0	0	0	0	0	0	0	0	0	0	0	0	0	0	0	0	0	0	0	0	0	0	0	0	0	0	0
150706	0	0	0	0	0	0	16523.0	0	0	0	0	0	0	0	0	0	0	0	0	0	0	0	0	0	0	0	0	0	0	0	0	0	0
150318	0	0	0	0	0	0	9184.0	0	0	0	0	0	0	0	0	0	0	0	0	0	0	0	0	0	0	0	0	0	0	0	0	0	0
150476	0	0	0	0	0	0	7175.0	0	0	0	0	0	0	0	0	0	0	0	0	0	0	0	0	0	0	0	0	0	0	0	0	0	0
150584	0	0	0	0	0	0	42318.0	0	0	0	0	0	0	0	0	0	0	0	0	0	0	0	0	0	0	0	0	0	0	0	0	0	0
150438	0	0	0	0	0	0	3981.0	0	0	0	0	0	0	0	0	0	0	0	0	0	0	0	0	0	0	0	0	0	0	0	0	0	0
150791	0	0	0	0	0	0	18481.0	0	0	0	0	0	0	0	0	0	0	0	0	0	0	0	0	0	0	0	0	0	0	0	0	0	0
150627	0	0	0	0	0	0	6624.0	0	0	0	0	0	0	0	0	0	0	0	0	0	0	0	0	0	0	0	0	0	0	0	0	0	0
150331	0	0	0	0	0	0	19995.0	0	0	0	0	0	0	0	0	0	0	0	0	0	0	0	0	0	0	0	0	0	0	0	0	0	0
150293	0	0	0	0	0	0	8111.0	0	0	0	0	0	0	0	0	0	0	0	0	0	0	0	0	0	0	0	0	0	0	0	0	0	0
150765	0	0	0	0	0	0	18813.0	0	0	0	0	0	0	0	0	0	0	0	0	0	0	0	0	0	0	0	0	0	0	0	0	0	0
150240	0	0	0	0	0	0	8931.0	0	0	0	0	0	0	0	0	0	0	0	0	0	0	0	0	0	0	0	0	0	0	0	0	0	0
150429	0	0	0	0	0	0	14485.0	0	0	0	0	0	0	0	0	0	0	0	0	0	0	0	0	0	0	0	0	0	0	0	0	0	0
150550	0	0	0	0	0	0	4118.0	0	0	0	0	0	0	0	0	0	0	0	0	0	0	0	0	0	0	0	0	0	0	0	0	0	0
150250	0	0	0	0	0	0	13784.0	0	0	0	0	0	0	0	0	0	0	0	0	0	0	0	0	0	0	0	0	0	0	0	0	0	0
150701	0	0	0	0	0	0	16857.0	0	0	0	0	0	0	0	0	0	0	0	0	0	0	0	0	0	0	0	0	0	0	0	0	0	0
150645	0	0	0	0	0	0	11567.0	0	0	0	0	0	0	0	0	0	0	0	0	0	0	0	0	0	0	0	0	0	0	0	0	0	0
150259	0	0	0	0	0	0	15042.0	0	0	0	0	0	0	0	0	0	0	0	0	0	0	0	0	0	0	0	0	0	0	0	0	0	0
150339	0	0	0	0	0	0	28590.0	0	0	0	0	0	0	0	0	0	0	0	0	0	0	0	0	0	0	0	0	0	0	0	0	0	0
150775	0	0	0	0	0	0	6396.0	0	0	0	0	0	0	0	0	0	0	0	0	0	0	0	0	0	0	0	0	0	0	0	0	0	0
150641	0	0	0	0	0	0	4899.0	0	0	0	0	0	0	0	0	0	0	0	0	0	0	0	0	0	0	0	0	0	0	0	0	0	0
150257	0	0	0	0	0	0	6785.0	0	0	0	0	0	0	0	0	0	0	0	0	0	0	0	0	0	0	0	0	0	0	0	0	0	0
150450	0	0	0	0	0	0	10981.0	0	0	0	0	0	0	0	0	0	0	0	0	0	0	0	0	0	0	0	0	0	0	0	0	0	0
150440	0	0	0	0	0	0	18311.0	0	0	0	0	0	0	0	0	0	0	0	0	0	0	0	0	0	0	0	0	0	0	0	0	0	0
150579	0	0	0	0	0	0	9892.0	0	0	0	0	0	0	0	0	0	0	0	0	0	0	0	0	0	0	0	0	0	0	0	0	0	0
150568	0	0	0	0	0	0	12180.0	0	0	0	0	0	0	0	0	0	0	0	0	0	0	0	0	0	0	0	0	0	0	0	0	0	0
150481	0	342.0	0	0	0	0	11369.0	0	0	0	0	0	0	0	0	0	0	0	0	0	0	0	0	0	0	0	0	0	0	0	0	0	0
150255	0	0	0	0	0	0	21948.0	0	0	0	0	0	0	0	0	0	0	0	0	0	0	0	0	0	0	0	0	0	0	0	0	0	0
150386	0	0	0	0	0	0	9392.0	0	0	0	0	0	0	0	0	0	0	0	0	0	0	0	0	0	0	0	0	0	0	0	0	0	0
150330	0	0	0	0	0	0	21353.0	0	0	0	0	0	0	0	0	0	0	0	0	0	0	0	0	0	0	0	0	0	0	0	0	0	0
150534	0	0	0	0	0	0	25104.0	0	0	0	0	0	0	0	0	0	0	0	0	0	0	0	0	0	0	0	0	0	0	0	0	0	0
150472	0	0	0	0	0	0	18995.0	0	0	0	0	0	0	0	0	0	0	0	0	0	0	0	0	0	0	0	0	0	0	0	0	0	0
150238	0	0	0	0	0	0	26883.0	0	0	0	0	0	0	0	0	0	0	0	0	0	0	0	0	0	0	0	0	0	0	0	0	0	0
150249	0	0	0	0	0	0	4941.0	0	0	0	0	0	0	0	0	0	0	0	0	0	0	0	0	0	0	0	0	0	0	0	0	0	0
150468	0	0	0	0	0	0	14266.0	0	0	0	0	0	0	0	0	0	0	0	0	0	0	0	0	0	0	0	0	0	0	0	0	0	0
150580	0	0	0	0	0	0	10373.0	0	0	0	0	0	0	0	0	0	0	0	0	0	0	0	0	0	0	0	0	0	0	0	0	0	0
150508	0	0	0	0	0	0	18353.0	0	0	0	0	0	0	0	0	0	0	0	0	0	0	0	0	0	0	0	0	0	0	0	0	0	0
150428	0	0	0	0	0	0	5868.0	0	0	0	0	0	0	0	0	0	0	0	0	0	0	0	0	0	0	0	0	0	0	0	0	0	0
150357	0	0	0	0	0	0	11785.0	0	0	0	0	0	0	0	0	0	0	0	0	0	0	0	0	0	0	0	0	0	0	0	0	0	0
150552	0	0	0	0	0	0	8804.0	0	0	0	0	0	0	0	0	0	0	0	0	0	0	0	0	0	0	0	0	0	0	0	0	0	0
150350	0	0	0	0	0	0	15101.0	0	0	0	0	0	0	0	0	0	0	0	0	0	0	0	0	0	0	0	0	0	0	0	0	0	0
150487	0	0	0	0	0	0	12283.0	0	0	0	0	0	0	0	0	0	0	0	0	0	0	0	0	0	0	0	0	0	0	0	0	0	0
150231	0	0	0	0	0	0	3423.0	0	0	0	0	0	0	0	0	0	0	0	0	0	0	0	0	0	0	0	0	0	0	0	0	0	0
150781	0	0	0	0	0	0	52459.0	0	0	0	0	0	0	0	0	0	0	0	0	0	0	0	0	0	0	0	0	0	0	0	0	0	0
150341	0	0	0	0	0	0	5928.0	0	0	0	0	0	0	0	0	0	0	0	0	0	0	0	0	0	0	0	0	0	0	0	0	0	0
150392	0	0	0	0	0	0	22580.0	0	0	0	0	0	0	0	0	0	0	0	0	0	0	0	0	0	0	0	0	0	0	0	0	0	0
150597	0	0	0	0	0	0	13359.0	0	0	0	0	0	0	0	0	0	0	0	0	0	0	0	0	0	0	0	0	0	0	0	0	0	0
150574	0	0	0	0	0	0	16382.0	0	0	0	0	0	0	0	0	0	0	0	0	0	0	0	0	0	0	0	0	0	0	0	0	0	0
150562	0	0	0	0	0	0	6312.0	0	0	0	0	0	0	0	0	0	0	0	0	0	0	0	0	0	0	0	0	0	0	0	0	0	0
150307	0	0	0	0	0	0	10535.0	0	0	0	0	0	0	0	0	0	0	0	0	0	0	0	0	0	0	0	0	0	0	0	0	0	0
150247	0	0	0	0	0	0	12219.0	0	0	0	0	0	0	0	0	0	0	0	0	0	0	0	0	0	0	0	0	0	0	0	0	0	0
150316	0	0	0	0	0	0	5590.0	0	0	0	0	0	0	0	0	0	0	0	0	0	0	0	0	0	0	0	0	0	0	0	0	0	0
150674	0	0	0	0	0	0	42481.0	0	0	0	0	0	0	0	0	0	0	0	0	0	0	0	0	0	0	0	0	0	0	0	0	0	0
150777	0	0	0	0	0	0	25810.0	0	0	0	0	0	0	0	0	0	0	0	0	0	0	0	0	0	0	0	0	0	0	0	0	0	0
150406	0	0	0	0	0	0	12990.0	0	0	0	0	0	0	0	0	0	0	0	0	0	0	0	0	0	0	0	0	0	0	0	0	0	0
150667	0	0	0	0	0	0	5316.0	0	0	0	0	0	0	0	0	0	0	0	0	0	0	0	0	0	0	0	0	0	0	0	0	0	0
150766	0	0	0	0	0	0	11661.0	0	0	0	0	0	0	0	0	0	0	0	0	0	0	0	0	0	0	0	0	0	0	0	0	0	0
150251	0	0	0	0	0	0	6205.0	0	0	0	0	0	0	0	0	0	0	0	0	0	0	0	0	0	0	0	0	0	0	0	0	0	0
150572	0	0	0	0	0	0	14372.0	0	0	0	0	0	0	0	0	0	0	0	0	0	0	0	0	0	0	0	0	0	0	0	0	0	0
150586	0	0	0	0	0	0	7653.0	0	0	0	0	0	0	0	0	0	0	0	0	0	0	0	0	0	0	0	0	0	0	0	0	0	0
150368	0	0	0	0	0	0	18184.0	0	0	0	0	0	0	0	0	0	0	0	0	0	0	0	0	0	0	0	0	0	0	0	0	0	0
150591	0	0	0	0	0	0	5901.0	0	0	0	0	0	0	0	0	0	0	0	0	0	0	0	0	0	0	0	0	0	0	0	0	0	0
150636	0	0	0	0	0	0	13135.0	0	0	0	0	0	0	0	0	0	0	0	0	0	0	0	0	0	0	0	0	0	0	0	0	0	0
150764	0	0	0	0	0	0	5742.0	0	0	0	0	0	0	0	0	0	0	0	0	0	0	0	0	0	0	0	0	0	0	0	0	0	0
150304	0	0	0	0	0	0	42394.0	0	0	0	0	0	0	0	0	0	0	0	0	0	0	0	0	0	0	0	0	0	0	0	0	0	0
150675	0	0	0	0	0	0	11067.0	0	0	0	0	0	0	0	0	0	0	0	0	0	0	0	0	0	0	0	0	0	0	0	0	0	0
150747	0	0	0	0	0	0	4475.0	0	0	0	0	0	0	0	0	0	0	0	0	0	0	0	0	0	0	0	0	0	0	0	0	0	0
150643	0	0	0	0	0	0	12588.0	0	0	0	0	0	0	0	0	0	0	0	0	0	0	0	0	0	0	0	0	0	0	0	0	0	0
150411	0	0	0	0	0	0	19910.0	0	0	0	0	0	0	0	0	0	0	0	0	0	0	0	0	0	0	0	0	0	0	0	0	0	0
150427	0	0	0	0	0	0	75902.0	0	0	0	0	0	0	0	0	0	0	0	0	0	0	0	0	0	0	0	0	0	0	0	0	0	0
150360	0	0	0	0	0	0	13380.0	0	0	0	0	0	0	0	0	0	0	0	0	0	0	0	0	0	0	0	0	0	0	0	0	0	0
150396	0	0	0	0	0	0	24024.0	0	0	0	0	0	0	0	0	0	0	0	0	0	0	0	0	0	0	0	0	0	0	0	0	0	0
150394	0	0	0	0	0	0	6806.0	0	0	0	0	0	0	0	0	0	0	0	0	0	0	0	0	0	0	0	0	0	0	0	0	0	0
150722	0	0	0	0	0	0	14260.0	0	0	0	0	0	0	0	0	0	0	0	0	0	0	0	0	0	0	0	0	0	0	0	0	0	0
150683	0	0	0	0	0	0	17457.0	0	0	0	0	0	0	0	0	0	0	0	0	0	0	0	0	0	0	0	0	0	0	0	0	0	0
150737	0	0	0	0	0	0	10297.0	0	0	0	0	0	0	0	0	0	0	0	0	0	0	0	0	0	0	0	0	0	0	0	0	0	0
150673	0	0	0	0	0	0	6759.0	0	0	0	0	0	0	0	0	0	0	0	0	0	0	0	0	0	0	0	0	0	0	0	0	0	0
150395	0	0	0	0	0	0	11553.0	0	0	0	0	0	0	0	0	0	0	0	0	0	0	0	0	0	0	0	0	0	0	0	0	0	0
150490	0	0	0	0	0	0	4622.0	0	0	0	0	0	0	0	0	0	0	0	0	0	0	0	0	0	0	0	0	0	0	0	0	0	0
150786	0	0	0	0	0	0	12918.0	0	0	0	0	0	0	0	0	0	0	0	0	0	0	0	0	0	0	0	0	0	0	0	0	0	0
150248	0	0	0	0	0	0	18346.0	0	0	0	0	0	0	0	0	0	0	0	0	0	0	0	0	0	0	0	0	0	0	0	0	0	0
150689	0	0	0	0	0	0	5270.0	0	0	0	0	0	0	0	0	0	0	0	0	0	0	0	0	0	0	0	0	0	0	0	0	0	0
150389	0	0	0	0	0	0	19451.0	0	0	0	0	0	0	0	0	0	0	0	0	0	0	0	0	0	0	0	0	0	0	0	0	0	0
150741	0	0	0	0	0	0	6953.0	0	0	0	0	0	0	0	0	0	0	0	0	0	0	0	0	0	0	0	0	0	0	0	0	0	0
150510	0	0	0	0	0	0	5883.0	0	0	0	0	0	0	0	0	0	0	0	0	0	0	0	0	0	0	0	0	0	0	0	0	0	0
150679	0	0	0	0	0	0	16111.0	0	0	0	0	0	0	0	0	0	0	0	0	0	0	0	0	0	0	0	0	0	0	0	0	0	0
150384	0	0	0	0	0	0	18353.0	0	0	0	0	0	0	0	0	0	0	0	0	0	0	0	0	0	0	0	0	0	0	0	0	0	0
150283	0	0	0	0	0	0	13264.0	0	0	0	0	0	0	0	0	0	0	0	0	0	0	0	0	0	0	0	0	0	0	0	0	0	0
150340	0	0	0	0	0	0	13952.0	0	0	0	0	0	0	0	0	0	0	0	0	0	0	0	0	0	0	0	0	0	0	0	0	0	0
150515	0	0	0	0	0	0	14821.0	0	0	0	0	0	0	0	0	0	0	0	0	0	0	0	0	0	0	0	0	0	0	0	0	0	0
150422	0	0	0	0	0	0	38281.0	0	0	0	0	0	0	0	0	0	0	0	0	0	0	0	0	0	0	0	0	0	0	0	0	0	0
150365	0	0	0	0	0	0	18360.0	0	0	0	0	0	0	0	0	0	0	0	0	0	0	0	0	0	0	0	0	0	0	0	0	0	0
150379	0	0	0	0	0	0	27179.0	0	0	0	0	0	0	0	0	0	0	0	0	0	0	0	0	0	0	0	0	0	0	0	0	0	0
150753	0	0	0	0	0	0	13620.0	0	0	0	0	0	0	0	0	0	0	0	0	0	0	0	0	0	0	0	0	0	0	0	0	0	0
150419	0	0	0	0	0	0	11525.0	0	0	0	0	0	0	0	0	0	0	0	0	0	0	0	0	0	0	0	0	0	0	0	0	0	0
150485	0	0	0	0	0	0	10361.0	0	0	0	0	0	0	0	0	0	0	0	0	0	0	0	0	0	0	0	0	0	0	0	0	0	0
150441	0	0	0	0	0	0	5567.0	0	0	0	0	0	0	0	0	0	0	0	0	0	0	0	0	0	0	0	0	0	0	0	0	0	0
150621	0	0	0	0	0	0	8575.0	0	0	0	0	0	0	0	0	0	0	0	0	0	0	0	0	0	0	0	0	0	0	0	0	0	0
150291	0	0	0	0	0	0	13275.0	0	0	0	0	0	0	0	0	0	0	0	0	0	0	0	0	0	0	0	0	0	0	0	0	0	0
150604	0	0	0	0	0	0	36639.0	0	0	0	0	0	0	0	0	0	0	0	0	0	0	0	0	0	0	0	0	0	0	0	0	0	0
150540	0	0	0	0	0	0	14020.0	0	0	0	0	0	0	0	0	0	0	0	0	0	0	0	0	0	0	0	0	0	0	0	0	0	0
150404	0	0	0	0	0	0	21260.0	0	0	0	0	0	0	0	0	0	0	0	0	0	0	0	0	0	0	0	0	0	0	0	0	0	0
150356	0	0	0	0	0	0	9420.0	0	0	0	0	0	0	0	0	0	0	0	0	0	0	0	0	0	0	0	0	0	0	0	0	0	0
150655	0	0	0	0	0	0	13284.0	0	0	0	0	0	0	0	0	0	0	0	0	0	0	0	0	0	0	0	0	0	0	0	0	0	0
150548	0	0	0	0	0	0	15668.0	0	0	0	0	0	0	0	0	0	0	0	0	0	0	0	0	0	0	0	0	0	0	0	0	0	0
150612	0	0	0	0	0	0	3830.0	0	0	0	0	0	0	0	0	0	0	0	0	0	0	0	0	0	0	0	0	0	0	0	0	0	0
150728	0	0	0	0	0	0	7632.0	0	0	0	0	0	0	0	0	0	0	0	0	0	0	0	0	0	0	0	0	0	0	0	0	0	0
150315	0	0	0	0	0	0	26232.0	0	0	0	0	0	0	0	0	0	0	0	0	0	0	0	0	0	0	0	0	0	0	0	0	0	0
150785	0	0	0	0	0	0	12615.0	0	0	0	0	0	0	0	0	0	0	0	0	0	0	0	0	0	0	0	0	0	0	0	0	0	0
150228	0	0	0	0	0	0	3675.0	0	0	0	0	0	0	0	0	0	0	0	0	0	0	0	0	0	0	0	0	0	0	0	0	0	0
150719	0	0	0	0	0	0	13149.0	0	0	0	0	0	0	0	0	0	0	0	0	0	0	0	0	0	0	0	0	0	0	0	0	0	0
150633	0	0	0	0	0	0	17047.0	0	0	0	0	0	0	0	0	0	0	0	0	0	0	0	0	0	0	0	0	0	0	0	0	0	0
150561	0	0	0	0	0	0	13855.0	0	0	0	0	0	0	0	0	0	0	0	0	0	0	0	0	0	0	0	0	0	0	0	0	0	0
150594	0	0	0	0	0	0	35874.0	0	0	0	0	0	0	0	0	0	0	0	0	0	0	0	0	0	0	0	0	0	0	0	0	0	0
150585	0	0	0	0	0	0	9049.0	0	0	0	0	0	0	0	0	0	0	0	0	0	0	0	0	0	0	0	0	0	0	0	0	0	0
150602	0	0	0	0	0	0	16400.0	0	0	0	0	0	0	0	0	0	0	0	0	0	0	0	0	0	0	0	0	0	0	0	0	0	0
150329	0	0	0	0	0	0	22107.0	0	0	0	0	0	0	0	0	0	0	0	0	0	0	0	0	0	0	0	0	0	0	0	0	0	0
150393	0	0	0	0	0	0	14120.0	0	0	0	0	0	0	0	0	0	0	0	0	0	0	0	0	0	0	0	0	0	0	0	0	0	0
150546	0	0	0	0	0	0	13673.0	0	0	0	0	0	0	0	0	0	0	0	0	0	0	0	0	0	0	0	0	0	0	0	0	0	0
150243	0	0	0	0	0	0	24428.0	0	0	0	0	0	0	0	0	0	0	0	0	0	0	0	0	0	0	0	0	0	0	0	0	0	0
150302	229.0	0	0	0	0	0	12828.0	0	0	0	0	0	0	0	0	0	0	0	0	0	0	0	0	0	0	0	0	0	0	0	0	0	0
150773	0	0	0	0	0	0	4910.0	0	0	0	0	0	0	0	0	0	0	0	0	0	0	0	0	0	0	0	0	0	0	0	0	0	0
150637	0	0	0	0	0	0	45969.0	0	0	0	0	0	0	0	0	0	0	0	0	0	0	0	0	0	0	0	0	0	0	0	0	0	0
150351	0	0	0	0	0	0	53932.0	0	0	0	0	0	0	0	0	0	0	0	0	0	0	0	0	0	0	0	0	0	0	0	0	0	0
150400	0	0	0	0	0	0	32630.0	0	0	0	0	0	0	0	0	0	0	0	0	0	0	0	0	0	0	0	0	0	0	0	0	0	0
150276	0	0	0	0	0	0	16458.0	0	0	0	0	0	0	0	0	0	0	0	0	0	0	0	0	0	0	0	0	0	0	0	0	0	0
150409	0	0	0	0	0	0	31552.0	0	0	0	0	0	0	0	0	0	0	0	0	0	0	0	0	0	0	0	0	0	0	0	0	0	0
150716	0	0	0	0	0	0	14039.0	0	0	0	0	0	0	0	0	0	0	0	0	0	0	0	0	0	0	0	0	0	0	0	0	0	0
150230	0	0	0	0	0	0	2552.0	0	0	0	0	0	0	0	0	0	0	0	0	0	0	0	0	0	0	0	0	0	0	0	0	0	0
150424	0	0	0	0	0	0	9021.0	0	0	0	0	0	0	0	0	0	0	0	0	0	0	0	0	0	0	0	0	0	0	0	0	0	0
150397	0	0	0	0	0	0	5070.0	0	0	0	0	0	0	0	0	0	0	0	0	0	0	0	0	0	0	0	0	0	0	0	0	0	0
150526	0	0	0	0	0	0	5891.0	0	0	0	0	0	0	0	0	0	0	0	0	0	0	0	0	0	0	0	0	0	0	0	0	0	0
150297	0	0	0	0	0	0	7178.0	0	0	0	0	0	0	0	0	0	0	0	0	0	0	0	0	0	0	0	0	0	0	0	0	0	0
150595	0	0	0	0	0	0	54083.0	0	0	0	0	0	0	0	0	0	0	0	0	0	0	0	0	0	0	0	0	0	0	0	0	0	0
150421	0	0	0	0	0	0	11324.0	0	0	0	0	0	0	0	0	0	0	0	0	0	0	0	0	0	0	0	0	0	0	0	0	0	0
150626	0	0	0	0	0	0	14256.0	0	0	0	0	0	0	0	0	0	0	0	0	0	0	0	0	0	0	0	0	0	0	0	0	0	0
150787	0	0	0	0	0	0	2692.0	0	0	0	0	0	0	0	0	0	0	0	0	0	0	0	0	0	0	0	0	0	0	0	0	0	0
150267	0	0	0	0	0	0	13813.0	0	0	0	0	0	0	0	0	0	0	0	0	0	0	0	0	0	0	0	0	0	0	0	0	0	0
150670	0	0	0	0	0	0	21409.0	0	0	0	0	0	0	0	0	0	0	0	0	0	0	0	0	0	0	0	0	0	0	0	0	0	0
150721	0	0	0	0	0	0	16555.0	0	0	0	0	0	0	0	0	0	0	0	0	0	0	0	0	0	0	0	0	0	0	0	0	0	0
150665	0	0	0	0	0	0	13512.0	0	0	0	0	0	0	0	0	0	0	0	0	0	0	0	0	0	0	0	0	0	0	0	0	0	0
150324	0	0	0	0	0	0	11634.0	0	0	0	0	0	0	0	0	0	0	0	0	0	0	0	0	0	0	0	0	0	0	0	0	0	0
150748	0	0	0	0	0	0	10901.0	0	0	0	0	0	0	0	0	0	0	0	0	0	0	0	0	0	0	0	0	0	0	0	0	0	0
150417	0	0	0	0	0	0	14620.0	0	0	0	0	0	0	0	0	0	0	0	0	0	0	0	0	0	0	0	0	0	0	0	0	0	0
150229	0	0	0	0	0	0	3445.0	0	0	0	0	0	0	0	0	0	0	0	0	0	0	0	0	0	0	0	0	0	0	0	0	0	0
150676	0	0	0	0	0	0	15549.0	0	0	0	0	0	0	0	0	0	0	0	0	0	0	0	0	0	0	0	0	0	0	0	0	0	0
150414	0	0	0	0	0	0	9861.0	0	0	0	0	0	0	0	0	0	0	0	0	0	0	0	0	0	0	0	0	0	0	0	0	0	0
150547	0	0	0	0	0	0	4196.0	0	0	0	0	0	0	0	0	0	0	0	0	0	0	0	0	0	0	0	0	0	0	0	0	0	0
150642	0	0	0	0	0	0	4731.0	0	0	0	0	0	0	0	0	0	0	0	0	0	0	0	0	0	0	0	0	0	0	0	0	0	0
150681	0	0	0	0	0	0	10503.0	0	0	0	0	0	0	0	0	0	0	0	0	0	0	0	0	0	0	0	0	0	0	0	0	0	0
150606	0	0	0	0	0	0	8400.0	0	0	0	0	0	0	0	0	0	0	0	0	0	0	0	0	0	0	0	0	0	0	0	0	0	0
150373	0	0	0	0	0	0	12065.0	0	0	0	0	0	0	0	0	0	0	0	0	0	0	0	0	0	0	0	0	0	0	0	0	0	0
150383	0	0	0	0	0	0	9567.0	0	0	0	0	0	0	0	0	0	0	0	0	0	0	0	0	0	0	0	0	0	0	0	0	0	0
150233	0	0	0	0	0	0	11338.0	0	0	0	0	0	0	0	0	0	0	0	0	0	0	0	0	0	0	0	0	0	0	0	0	0	0
150761	0	0	0	0	0	0	35386.0	0	0	0	0	0	0	0	0	0	0	0	0	0	0	0	0	0	0	0	0	0	0	0	0	0	0
150634	0	0	0	0	0	0	4607.0	0	0	0	0	0	0	0	0	0	0	0	0	0	0	0	0	0	0	0	0	0	0	0	0	0	0
150292	0	0	0	0	0	0	13331.0	0	0	0	0	0	0	0	0	0	0	0	0	0	0	0	0	0	0	0	0	0	0	0	0	0	0
150524	0	0	0	0	0	0	12406.0	0	0	0	0	0	0	0	0	0	0	0	0	0	0	0	0	0	0	0	0	0	0	0	0	0	0
150590	0	0	0	0	0	0	6872.0	0	0	0	0	0	0	0	0	0	0	0	0	0	0	0	0	0	0	0	0	0	0	0	0	0	0
150640	0	0	0	0	0	0	5102.0	0	0	0	0	0	0	0	0	0	0	0	0	0	0	0	0	0	0	0	0	0	0	0	0	0	0
150601	0	0	0	0	0	0	27045.0	0	0	0	0	0	0	0	0	0	0	0	0	0	0	0	0	0	0	0	0	0	0	0	0	0	0
150349	0	0	0	0	0	0	6707.0	0	0	0	0	0	0	0	0	0	0	0	0	0	0	0	0	0	0	0	0	0	0	0	0	0	0
150651	0	0	0	0	0	0	43553.0	0	0	0	0	0	0	0	0	0	0	0	0	0	0	0	0	0	0	0	0	0	0	0	0	0	0
150663	0	0	0	0	0	0	6939.0	0	0	0	0	0	0	0	0	0	0	0	0	0	0	0	0	0	0	0	0	0	0	0	0	0	0
150792	0	0	0	0	0	0	6495.0	0	0	0	0	0	0	0	0	0	0	0	0	0	0	0	0	0	0	0	0	0	0	0	0	0	0
150227	0	0	0	0	0	0	6023.0	0	0	0	0	0	0	0	0	0	0	0	0	0	0	0	0	0	0	0	0	0	0	0	0	0	0
150660	0	0	0	0	0	0	26777.0	0	0	0	0	0	0	0	0	0	0	0	0	0	0	0	0	0	0	0	0	0	0	0	0	0	0
150290	0	0	0	0	0	0	8271.0	0	0	0	0	0	0	0	0	0	0	0	0	0	0	0	0	0	0	0	0	0	0	0	0	0	0
150408	0	0	0	0	0	0	15088.0	0	0	0	0	0	0	0	0	0	0	0	0	0	0	0	0	0	0	0	0	0	0	0	0	0	0
150232	0	0	0	0	0	0	5511.0	0	0	0	0	0	0	0	0	0	0	0	0	0	0	0	0	0	0	0	0	0	0	0	0	0	0
150650	0	0	0	0	0	0	21272.0	0	0	0	0	0	0	0	0	0	0	0	0	0	0	0	0	0	0	0	0	0	0	0	0	0	0
150285	0	0	0	0	0	0	30095.0	0	0	0	0	0	0	0	0	0	0	0	0	0	0	0	0	0	0	0	0	0	0	0	0	0	0
150358	0	0	0	0	0	0	7886.0	0	0	0	0	0	0	0	0	0	0	0	0	0	0	0	0	0	0	0	0	0	0	0	0	0	0
150669	0	0	0	0	0	0	19567.0	0	0	0	0	0	0	0	0	0	0	0	0	0	0	0	0	0	0	0	0	0	0	0	0	0	0
150520	0	0	0	0	0	0	6530.0	0	0	0	0	0	0	0	0	0	0	0	0	0	0	0	0	0	0	0	0	0	0	0	0	0	0
150759	0	0	0	0	0	0	20580.0	0	0	0	0	0	0	0	0	0	0	0	0	0	0	0	0	0	0	0	0	0	0	0	0	0	0
150622	0	0	0	0	0	0	13479.0	0	0	0	0	0	0	0	0	0	0	0	0	0	0	0	0	0	0	0	0	0	0	0	0	0	0
150309	0	0	0	0	0	0	13959.0	0	0	0	0	0	0	0	0	0	0	0	0	0	0	0	0	0	0	0	0	0	0	0	0	0	0
150364	0	0	0	0	0	0	16637.0	0	0	0	0	0	0	0	0	0	0	0	0	0	0	0	0	0	0	0	0	0	0	0	0	0	0
150500	0	0	0	0	0	0	15219.0	0	0	0	0	0	0	0	0	0	0	0	0	0	0	0	0	0	0	0	0	0	0	0	0	0	0
150370	0	0	0	0	0	0	32408.0	0	0	0	0	0	0	0	0	0	0	0	0	0	0	0	0	0	0	0	0	0	0	0	0	0	0
150532	0	0	0	0	0	0	12215.0	0	0	0	0	0	0	0	0	0	0	0	0	0	0	0	0	0	0	0	0	0	0	0	0	0	0
150367	0	0	0	0	0	0	8583.0	0	0	0	0	0	0	0	0	0	0	0	0	0	0	0	0	0	0	0	0	0	0	0	0	0	0
150391	0	0	0	0	0	0	6414.0	0	0	0	0	0	0	0	0	0	0	0	0	0	0	0	0	0	0	0	0	0	0	0	0	0	0
150416	0	0	0	0	0	0	14568.0	0	0	0	0	0	0	0	0	0	0	0	0	0	0	0	0	0	0	0	0	0	0	0	0	0	0
150569	0	0	0	0	0	0	13865.0	0	0	0	0	0	0	0	0	0	0	0	0	0	0	0	0	0	0	0	0	0	0	0	0	0	0
150376	0	0	0	0	0	0	7198.0	0	0	0	0	0	0	0	0	0	0	0	0	0	0	0	0	0	0	0	0	0	0	0	0	0	0
150332	0	0	0	0	0	0	8497.0	0	0	0	0	0	0	0	0	0	0	0	0	0	0	0	0	0	0	0	0	0	0	0	0	0	0
150286	0	0	0	0	0	0	6236.0	0	0	0	0	0	0	0	0	0	0	0	0	0	0	0	0	0	0	0	0	0	0	0	0	0	0
150603	0	0	0	0	0	0	22005.0	0	0	0	0	0	0	0	0	0	0	0	0	0	0	0	0	0	0	0	0	0	0	0	0	0	0
150776	373.0	0	0	0	0	0	12885.0	0	0	0	0	0	0	0	0	0	0	0	0	0	0	0	0	0	0	0	0	0	0	0	0	0	0
150735	0	0	0	0	0	0	16015.0	0	0	0	0	0	0	0	0	0	0	0	0	0	0	0	0	0	0	0	0	0	0	0	0	0	0
150521	0	0	0	0	0	0	4680.0	0	0	0	0	0	0	0	0	0	0	0	0	0	0	0	0	0	0	0	0	0	0	0	0	0	0
150652	0	0	0	0	0	0	5694.0	0	0	0	0	0	0	0	0	0	0	0	0	0	0	0	0	0	0	0	0	0	0	0	0	0	0
150402	0	0	0	0	0	0	8194.0	0	0	0	0	0	0	0	0	0	0	0	0	0	0	0	0	0	0	0	0	0	0	0	0	0	0
150317	0	0	0	0	0	0	10893.0	0	0	0	0	0	0	0	0	0	0	0	0	0	0	0	0	0	0	0	0	0	0	0	0	0	0
150638	0	0	0	0	0	0	10202.0	0	0	0	0	0	0	0	0	0	0	0	0	0	0	0	0	0	0	0	0	0	0	0	0	0	0
150454	0	0	0	0	0	0	4796.0	0	0	0	0	0	0	0	0	0	0	0	0	0	0	0	0	0	0	0	0	0	0	0	0	0	0
150711	0	198.0	0	0	0	0	8379.0	0	0	0	0	0	0	0	0	0	0	0	0	0	0	0	0	0	0	0	0	0	0	0	0	0	0
150750	0	0	0	0	0	0	13752.0	0	0	0	0	0	0	0	0	0	0	0	0	0	0	0	0	0	0	0	0	0	0	0	0	0	0
150635	0	0	0	0	0	0	18598.0	0	0	0	0	0	0	0	0	0	0	0	0	0	0	0	0	0	0	0	0	0	0	0	0	0	0
150539	0	0	0	0	0	0	15852.0	0	0	0	0	0	0	0	0	0	0	0	0	0	0	0	0	0	0	0	0	0	0	0	0	0	0
150726	0	0	0	0	0	0	17787.0	0	0	0	0	0	0	0	0	0	0	0	0	0	0	0	0	0	0	0	0	0	0	0	0	0	0
150661	0	0	0	0	0	0	16004.0	0	0	0	0	0	0	0	0	0	0	0	0	0	0	0	0	0	0	0	0	0	0	0	0	0	0
150320	0	0	0	0	0	0	8760.0	0	0	0	0	0	0	0	0	0	0	0	0	0	0	0	0	0	0	0	0	0	0	0	0	0	0
150380	0	0	0	0	0	0	13919.0	0	0	0	0	0	0	0	0	0	0	0	0	0	0	0	0	0	0	0	0	0	0	0	0	0	0
150772	0	0	0	0	0	0	12127.0	0	0	0	0	0	0	0	0	0	0	0	0	0	0	0	0	0	0	0	0	0	0	0	0	0	0
150659	0	0	0	0	0	0	4388.0	0	0	0	0	0	0	0	0	0	0	0	0	0	0	0	0	0	0	0	0	0	0	0	0	0	0
150495	0	0	0	0	0	0	20973.0	0	0	0	0	0	0	0	0	0	0	0	0	0	0	0	0	0	0	0	0	0	0	0	0	0	0
150425	0	0	0	0	0	0	9906.0	0	0	0	0	0	0	0	0	0	0	0	0	0	0	0	0	0	0	0	0	0	0	0	0	0	0
150744	0	0	0	0	0	0	8888.0	0	0	0	0	0	0	0	0	0	0	0	0	0	0	0	0	0	0	0	0	0	0	0	0	0	0
150305	0	0	0	0	0	0	22206.0	0	0	0	0	0	0	0	0	0	0	0	0	0	0	0	0	0	0	0	0	0	0	0	0	0	0
150488	0	0	0	0	0	0	20750.0	0	0	0	0	0	0	0	0	0	0	0	0	0	0	0	0	0	0	0	0	0	0	0	0	0	0
150527	0	0	0	0	0	0	5359.0	0	0	0	0	0	0	0	0	0	0	0	0	0	0	0	0	0	0	0	0	0	0	0	0	0	0
150632	0	0	0	0	0	0	16305.0	0	0	0	0	0	0	0	0	0	0	0	0	0	0	0	0	0	0	0	0	0	0	0	0	0	0
150523	0	0	0	0	0	0	60615.0	0	0	0	0	0	0	0	0	0	0	0	0	0	0	0	0	0	0	0	0	0	0	0	0	0	0
150374	0	156.0	0	0	0	0	4285.0	0	0	0	0	0	0	0	0	0	0	0	0	0	0	0	0	0	0	0	0	0	0	0	0	0	0
150519	0	0	0	0	0	0	25710.0	0	0	0	0	0	0	0	0	0	0	0	0	0	0	0	0	0	0	0	0	0	0	0	0	0	0
150516	0	0	0	0	0	0	27762.0	0	0	0	0	0	0	0	0	0	0	0	0	0	0	0	0	0	0	0	0	0	0	0	0	0	0
150693	0	0	0	0	0	0	25652.0	0	0	0	0	0	0	0	0	0	0	0	0	0	0	0	0	0	713.0	0	0	0	0	0	0	0	0
150739	0	0	0	0	0	0	7764.0	0	0	0	0	0	0	0	0	0	0	0	0	0	0	0	0	0	0	0	0	0	0	0	0	0	0
150306	0	0	0	0	0	0	12106.0	0	0	0	0	0	0	0	0	0	0	0	0	0	0	0	0	0	0	0	0	0	0	0	0	0	0
150779	0	0	0	0	0	0	8278.0	0	0	0	0	0	0	0	0	0	0	0	0	0	0	0	0	0	0	0	0	0	0	0	0	0	0
150375	0	0	0	0	0	0	20251.0	0	0	0	0	0	0	0	0	0	0	0	0	0	0	0	0	0	0	0	0	0	0	0	0	0	0
150530	0	0	0	0	0	0	12074.0	0	0	0	0	0	0	0	0	0	0	0	0	0	0	0	0	0	0	0	0	0	0	0	0	0	0
150512	0	0	0	0	0	0	16014.0	0	0	0	0	0	0	0	0	0	0	0	0	0	0	0	0	0	0	0	0	0	0	0	0	0	0
150493	0	0	0	0	0	0	18276.0	0	0	0	0	0	0	0	0	0	0	0	0	0	0	0	0	0	0	0	0	0	0	0	0	0	0
150252	0	0	0	0	0	0	22122.0	0	0	0	0	0	0	0	0	0	0	0	0	0	0	0	0	0	0	0	0	0	0	0	0	0	0
150455	0	0	0	0	0	0	7293.0	0	0	0	0	0	0	0	0	0	0	0	0	0	0	0	0	0	0	0	0	0	0	0	0	0	0
150504	0	0	0	0	0	0	18431.0	0	0	0	0	0	0	0	0	0	0	0	0	0	0	0	0	0	0	0	0	0	0	0	0	0	0
150593	0	0	0	0	0	0	15482.0	0	0	0	0	0	0	0	0	0	0	0	0	0	0	0	0	0	0	0	0	0	0	0	0	0	0
150388	0	0	0	0	0	0	19091.0	0	0	0	0	0	0	0	0	0	0	0	0	0	0	0	0	0	0	0	0	0	0	0	0	0	0
150284	0	0	0	0	0	0	9076.0	0	0	0	0	0	0	0	0	0	0	0	0	0	0	0	0	0	0	0	0	0	0	0	0	0	0
150323	0	0	0	0	0	0	7532.0	0	0	0	0	0	0	0	0	0	0	0	0	0	0	0	0	0	0	0	0	0	0	0	0	0	0
150398	0	0	0	0	0	0	7855.0	0	0	0	0	0	0	0	0	0	0	0	0	0	0	0	0	0	0	0	0	0	0	0	0	0	0
150278	0	0	0	0	0	0	18082.0	0	0	0	0	0	0	0	0	0	0	0	0	0	0	0	0	0	0	0	0	0	0	0	0	0	0
150271	0	0	0	0	0	0	13528.0	0	0	0	0	0	0	0	0	0	0	0	0	0	0	0	0	0	0	0	0	0	0	0	0	0	0
150445	0	0	0	0	0	0	16869.0	0	0	0	0	0	0	0	0	0	0	0	0	0	0	0	0	0	0	0	0	0	0	0	0	0	0
150272	0	0	0	0	0	0	12434.0	0	0	0	0	0	0	0	0	0	0	0	0	0	0	0	0	0	0	0	0	0	0	0	0	0	0
150288	0	0	0	0	0	0	6346.0	0	0	0	0	0	0	0	0	0	0	0	0	0	0	0	0	0	0	0	0	0	0	0	0	0	0
150782	0	0	0	0	0	0	11542.0	0	0	0	0	0	0	0	0	0	0	0	0	0	0	0	0	0	0	0	0	0	0	0	0	0	0
150300	0	235.0	0	0	0	0	8406.0	0	0	0	0	0	0	0	0	0	0	0	0	0	0	0	0	0	0	0	0	0	0	0	0	0	0
150788	0	0	0	0	0	0	7556.0	0	0	0	0	0	0	0	0	0	0	0	0	0	0	0	0	0	0	0	0	0	0	0	0	0	0
150466	0	0	0	0	0	0	3924.0	0	0	0	0	0	0	0	0	0	0	0	0	0	0	0	0	0	0	0	0	0	0	0	0	0	0
150280	0	0	0	0	0	0	16607.0	0	0	0	0	0	0	0	0	0	0	0	0	0	0	0	0	0	0	0	0	0	0	0	0	0	0
150511	0	0	0	0	0	0	12282.0	0	0	0	0	0	0	0	0	0	0	0	0	0	0	0	0	0	0	0	0	0	0	0	0	0	0
150433	0	0	0	0	0	0	5555.0	0	0	0	0	0	0	0	0	0	0	0	0	0	0	0	0	0	0	0	0	0	0	0	0	0	0
150770	0	0	0	0	0	0	7366.0	0	0	0	0	0	0	0	0	0	0	0	0	0	0	0	0	0	0	0	0	0	0	0	0	0	0
150778	0	0	0	0	0	0	6617.0	0	0	0	0	0	0	0	0	0	0	0	0	0	0	0	0	0	0	0	0	0	0	0	0	0	0
150287	211.0	0	0	0	0	0	18880.0	0	0	0	0	0	0	0	0	0	0	0	0	0	0	0	0	0	0	0	0	0	0	0	0	0	0
150282	0	0	0	0	0	0	2737.0	0	0	0	0	0	0	0	0	0	0	0	0	0	0	0	0	0	0	0	0	0	0	0	0	0	0
150338	0	0	0	0	0	0	6424.0	0	0	0	0	0	0	0	0	0	0	0	0	0	0	0	0	0	0	0	0	0	0	0	0	0	0
150312	0	0	0	0	3255.0	0	22221.0	0	0	0	0	0	0	0	0	0	0	0	0	0	0	0	0	0	0	0	0	0	0	0	0	0	0
150430	0	0	0	0	0	0	4557.0	0	0	0	0	0	0	0	0	0	0	0	0	0	0	0	0	0	0	0	0	0	0	0	0	0	0
150456	0	0	0	0	0	0	7402.0	0	0	0	0	0	0	0	0	0	0	0	0	0	0	0	0	0	0	0	0	0	0	0	0	0	0
150780	0	0	0	0	0	0	6553.0	0	0	0	0	0	0	0	0	0	0	0	0	0	0	0	0	0	0	0	0	0	0	0	0	0	0
150600	0	0	0	0	0	0	5133.0	0	0	0	0	0	0	0	0	0	0	0	0	0	0	0	0	0	0	0	0	0	0	0	0	0	0
150700	0	0	0	0	0	0	5011.0	0	0	0	0	0	0	0	0	0	0	0	0	0	0	0	0	0	0	0	0	0	0	0	0	0	0
150538	0	0	0	0	0	0	3788.0	0	0	0	0	0	0	0	0	0	0	0	0	0	0	0	0	0	0	0	0	0	0	0	0	0	0
150308	0	0	0	0	0	0	6207.0	0	0	0	0	0	0	0	0	0	0	0	0	0	0	0	0	0	0	0	0	0	0	0	0	0	0
150474	0	0	0	0	0	0	4757.0	0	0	0	0	0	0	0	0	0	0	173.0	0	0	0	0	0	0	0	0	0	0	0	0	0	0	0
150589	0	0	0	0	0	0	2324.0	0	0	0	0	0	0	0	0	0	0	0	0	0	0	0	0	0	0	0	0	0	0	0	0	0	0
150582	0	0	0	0	0	0	14115.0	0	0	0	0	0	0	0	0	0	0	0	0	0	0	0	0	0	0	1065.0	0	0	0	0	0	0	0
150432	0	0	0	0	0	0	3780.0	0	0	0	0	0	0	0	0	0	0	155.0	0	0	0	0	0	0	0	0	0	0	0	0	0	0	0
150688	0	0	0	0	0	0	11072.0	0	0	0	0	0	0	0	0	0	0	0	0	0	0	0	0	0	761.0	0	0	0	0	0	0	0	0
150264	9255.0	0	0	0	0	0	24826.0	0	0	0	0	0	0	0	0	0	0	0	0	0	0	0	0	0	0	0	0	0	0	0	0	0	0
150281	0	0	0	0	0	0	2804.0	0	0	0	0	0	0	0	0	0	0	0	0	0	0	0	0	0	0	0	0	0	0	0	0	0	0
150273	0	0	0	0	0	0	5012.0	0	0	0	0	0	0	0	0	0	0	0	0	0	0	0	0	0	0	0	0	0	0	0	0	0	0
150225	0	0	0	0	0	0	2240.0	0	0	0	0	0	0	0	0	0	0	0	0	0	0	0	0	0	0	0	1709.0	0	0	0	0	0	0
150244	0	0	0	0	0	0	0	12223.0	0	0	0	0	0	0	0	0	0	0	0	0	0	0	0	0	0	0	0	0	0	0	0	0	0
150325	0	0	0	0	0	0	0	17190.0	0	0	0	0	0	0	0	0	0	0	0	0	0	0	0	0	0	0	0	0	0	0	0	0	0
150363	0	0	0	0	0	0	0	17031.0	0	0	0	0	0	0	0	0	0	0	0	0	0	0	0	0	0	0	0	0	0	0	0	0	0
150239	0	0	0	0	0	0	0	11523.0	0	0	0	0	0	0	0	0	0	0	0	0	0	0	0	0	0	0	0	0	0	0	0	0	0
150578	0	0	0	0	0	0	0	13842.0	0	0	0	0	0	0	0	0	0	0	0	0	0	0	0	0	0	0	0	0	0	0	0	0	0
150629	0	0	0	0	0	0	0	11313.0	0	0	0	0	0	0	0	0	0	0	0	0	0	0	0	0	0	0	0	0	0	0	0	0	0
150258	0	0	0	0	0	0	0	14219.0	0	0	0	0	0	0	0	0	0	0	0	0	0	0	0	0	0	0	0	0	0	0	0	0	0
150587	0	0	0	0	0	0	0	11064.0	0	0	0	0	0	0	0	0	0	0	0	0	0	0	0	0	0	0	0	0	0	0	0	0	0
150617	0	0	0	0	0	0	0	19659.0	0	0	0	0	0	0	0	0	0	0	0	0	0	0	0	0	0	0	0	0	0	0	0	0	0
150610	0	0	0	0	0	0	0	13194.0	0	0	0	0	0	0	0	0	0	0	0	0	0	0	0	0	0	0	0	0	0	0	0	0	0
150245	0	0	0	0	0	0	0	10667.0	0	0	0	0	0	0	0	0	0	0	0	0	0	0	0	0	0	0	0	0	0	0	0	0	0
150742	0	0	0	0	0	0	0	47684.0	0	0	0	0	0	0	0	0	0	0	0	0	0	0	0	0	0	0	0	0	0	0	0	0	0
150327	0	0	0	0	0	0	0	36414.0	0	0	0	0	0	0	0	0	0	0	0	0	0	0	0	0	0	0	0	0	0	0	0	0	0
150619	0	0	0	0	0	0	0	16106.0	0	0	0	0	0	0	0	0	0	0	0	0	0	0	0	0	0	0	0	0	0	0	0	0	0
150236	0	0	0	0	0	0	0	21394.0	0	0	0	0	0	0	0	0	0	0	0	0	0	0	0	0	0	0	0	0	0	0	0	0	0
150680	0	0	0	0	0	0	0	10372.0	0	0	0	0	0	0	0	0	0	0	0	0	0	0	0	0	0	0	0	0	0	0	0	0	0
150731	0	0	0	0	0	0	0	65095.0	0	0	0	0	0	0	0	0	0	0	0	0	0	0	0	0	0	0	0	0	0	0	0	0	0
150599	0	0	0	0	0	0	0	45522.0	0	0	0	0	0	0	0	0	0	0	0	0	0	0	0	0	0	0	0	0	0	0	0	0	0
150598	0	0	0	0	0	0	0	15037.0	0	0	0	0	0	0	0	0	0	0	0	0	0	0	0	0	0	0	0	0	0	0	0	0	0
150505	0	0	0	0	0	0	0	21472.0	0	0	0	0	0	0	0	0	0	0	0	0	0	0	0	0	0	0	0	0	0	0	0	0	0
150758	0	0	0	0	0	0	0	16737.0	0	0	0	0	0	0	0	0	0	0	0	0	0	0	0	0	0	0	0	0	0	0	0	0	0
150234	0	0	0	0	0	0	0	13299.0	0	0	0	0	0	0	0	0	0	0	0	0	0	0	0	0	0	0	0	0	0	0	0	0	0
150583	0	0	0	0	0	0	0	31640.0	0	0	0	0	0	0	0	0	0	0	0	0	0	0	0	0	0	0	0	0	0	0	0	0	0
150754	0	0	0	0	0	0	0	39268.0	0	0	0	0	0	0	0	0	0	0	0	0	0	0	0	0	0	0	0	0	0	0	0	0	0
150418	0	0	0	0	0	0	0	10325.0	0	0	0	0	0	0	0	0	0	0	0	0	0	0	0	0	0	0	0	0	0	0	0	0	0
150545	0	0	0	0	0	0	0	13374.0	0	0	0	0	0	0	0	0	0	0	0	0	0	0	0	0	0	0	0	0	0	0	0	0	0
150668	0	0	0	0	0	0	0	10805.0	0	0	0	0	0	0	0	0	0	0	0	0	0	0	0	0	0	0	0	0	0	0	0	0	0
150720	0	0	0	0	0	0	0	13977.0	0	0	0	0	0	0	0	0	0	0	0	0	0	0	0	0	0	0	0	0	0	0	0	0	0
150616	0	0	0	0	0	0	0	15765.0	0	0	0	0	0	0	0	0	0	0	0	0	0	0	0	0	0	0	0	0	0	0	0	0	0
150724	0	0	0	0	0	0	0	10981.0	0	0	0	0	0	0	0	0	0	0	0	0	0	0	0	0	0	0	0	0	0	0	0	0	0
150355	0	0	0	0	0	0	0	6550.0	0	0	0	0	0	0	0	0	0	0	0	0	0	0	0	0	0	0	0	0	0	0	0	0	0
150611	0	0	0	0	0	0	0	9570.0	0	0	0	0	0	0	0	0	0	0	0	0	0	0	0	0	0	0	0	0	0	0	0	0	0
150648	0	0	0	0	0	0	0	11064.0	0	0	0	0	0	0	0	0	0	0	0	0	0	0	0	0	0	0	0	0	0	0	0	0	0
150407	0	0	0	0	0	0	0	7682.0	0	0	0	0	0	0	0	0	0	0	0	0	0	0	0	0	0	0	0	0	0	0	0	0	0
150361	0	0	0	0	0	0	0	9207.0	0	0	0	0	0	0	0	0	0	0	0	0	0	0	0	0	0	0	0	0	0	0	0	0	0
150381	0	0	0	0	0	0	0	12141.0	0	0	0	0	0	0	0	0	0	0	0	0	0	0	0	0	0	0	0	0	0	0	0	0	0
150740	0	0	0	0	0	0	0	37114.0	0	0	0	0	0	0	0	0	0	0	0	0	0	0	0	0	0	0	0	0	0	0	0	0	0
150501	0	0	0	0	0	0	0	7509.0	0	0	0	0	0	0	0	0	0	0	0	0	0	0	0	0	0	0	0	0	0	0	0	0	0
150497	0	0	0	0	0	0	0	58238.0	0	0	0	0	0	0	0	0	0	0	0	0	0	0	0	0	0	0	0	0	0	0	0	0	0
150319	0	0	0	0	0	0	0	8016.0	0	0	0	0	0	0	0	0	0	0	0	0	0	0	0	0	0	0	0	0	0	0	0	0	0
150528	0	0	0	0	0	0	0	10168.0	0	0	0	0	0	0	0	0	0	0	0	0	0	0	0	0	0	0	0	0	0	0	0	0	0
150352	0	0	0	0	0	0	0	22274.0	0	0	0	0	0	0	0	0	0	0	0	0	0	0	0	0	0	0	0	0	0	0	0	0	0
150736	0	0	0	0	0	0	0	11349.0	0	0	0	0	0	0	0	0	0	0	0	0	0	0	0	0	0	0	0	0	0	0	0	0	0
150494	0	0	0	0	0	0	0	10492.0	0	0	0	0	0	0	0	0	0	0	0	0	0	0	0	0	0	0	0	0	0	0	0	0	0
150405	0	0	0	0	0	0	0	9538.0	0	0	0	0	0	0	0	0	0	0	0	0	0	0	0	0	0	0	0	0	0	0	0	0	0
150382	191.0	0	0	0	0	0	0	22312.0	0	0	0	0	0	0	0	0	0	0	0	0	0	0	0	0	0	0	0	0	0	0	0	0	0
150489	0	0	0	0	0	0	0	34118.0	0	0	0	0	0	0	0	0	0	0	0	0	0	0	0	0	0	0	0	0	0	0	0	0	0
150733	0	0	0	0	0	0	0	10973.0	0	0	0	0	0	0	0	0	0	0	0	0	0	0	0	0	0	0	0	0	0	0	0	0	0
150313	0	0	0	0	0	0	0	8039.0	0	0	0	0	0	0	0	0	0	0	0	0	0	0	0	0	0	0	0	0	0	0	0	0	0
150649	0	0	0	0	0	0	0	31539.0	0	0	0	0	0	0	0	0	0	0	0	0	0	0	0	0	0	0	0	0	0	0	0	0	0
150496	0	0	0	0	0	0	0	8531.0	0	0	0	0	0	0	0	0	0	0	0	0	0	0	0	0	0	0	0	0	0	0	0	0	0
150326	0	0	0	0	0	0	0	6115.0	0	0	0	0	0	0	0	0	0	0	0	0	0	0	0	0	0	0	0	0	0	0	0	0	0
150533	0	0	0	0	0	0	0	40424.0	0	0	0	0	0	0	0	0	0	0	0	0	0	0	0	0	0	0	0	0	0	0	0	0	0
150506	0	0	0	0	0	0	0	9402.0	0	0	0	0	0	0	0	0	0	0	0	0	0	0	0	0	0	0	0	0	0	0	0	0	0
150378	0	0	0	0	0	0	0	14921.0	0	0	0	0	0	0	0	0	0	0	0	0	0	0	0	0	0	0	0	0	0	0	0	0	0
150717	0	0	0	0	0	0	0	44800.0	0	0	0	0	0	0	0	0	0	0	0	0	0	0	0	0	0	0	0	0	0	0	0	0	0
150362	0	0	0	0	0	0	0	8353.0	0	0	0	0	0	0	0	0	0	0	0	0	0	0	0	0	0	0	0	0	0	0	0	0	0
150752	0	0	0	0	0	0	0	6785.0	0	0	0	0	0	0	0	0	0	0	0	0	0	0	0	0	0	0	0	0	0	0	0	0	0
150605	0	0	0	0	0	0	0	31476.0	0	0	0	0	0	0	0	0	0	0	0	0	0	0	0	0	0	0	0	0	0	0	0	0	0
150647	0	0	0	0	0	0	0	8237.0	0	0	0	0	0	0	0	0	0	0	0	0	0	0	0	0	0	0	0	0	0	0	0	0	0
150410	0	0	0	0	0	0	0	8240.0	0	0	0	0	0	0	0	0	0	0	0	0	0	0	0	0	0	0	0	0	0	0	0	0	0
150631	0	0	0	0	0	0	0	9562.0	0	0	0	0	0	0	0	0	0	0	0	0	0	0	0	0	0	0	0	0	0	0	0	0	0
150531	0	0	0	0	0	0	0	9865.0	0	0	0	0	0	0	0	0	0	0	0	0	0	0	0	0	0	0	0	0	0	0	0	0	0
150372	0	0	0	0	0	0	0	9108.0	0	0	0	0	0	0	0	0	0	0	0	0	0	0	0	0	0	0	0	0	0	0	0	0	0
150746	0	0	0	0	0	0	0	40263.0	0	0	0	0	0	0	0	0	0	0	0	0	0	0	0	0	0	0	0	0	0	0	0	0	0
150371	0	0	0	0	0	0	0	9318.0	0	0	0	0	0	0	0	0	0	0	0	0	0	0	0	0	0	0	0	0	0	0	0	0	0
150503	0	0	0	0	0	0	0	19294.0	0	0	0	0	0	0	0	0	0	0	0	0	0	0	0	0	0	0	0	0	0	0	0	0	142.0
150513	186.0	0	0	0	0	0	0	33492.0	0	0	0	0	0	0	0	0	0	0	0	0	0	0	0	0	0	0	0	0	0	0	0	0	0
150624	0	0	0	0	0	0	0	7579.0	0	0	0	0	0	0	0	0	0	0	0	0	0	0	0	0	0	0	0	0	0	0	0	0	0
150596	0	0	0	0	0	0	0	29110.0	0	0	0	0	0	0	0	0	0	0	0	0	0	0	0	0	811.0	0	0	0	0	0	0	0	0
150536	0	0	0	0	0	0	0	0	43369.0	0	0	0	0	0	0	0	0	0	0	0	0	0	0	0	0	0	0	0	0	0	0	0	0
150434	0	0	0	0	0	0	0	0	41976.0	0	0	0	0	0	0	0	0	0	0	0	0	0	0	0	0	0	0	0	0	0	0	0	0
150451	0	0	0	0	0	0	0	0	57490.0	0	0	0	0	0	0	0	0	0	0	0	0	0	0	0	0	0	0	0	0	0	0	0	0
150482	0	0	0	0	0	0	0	0	29716.0	0	0	0	0	0	0	0	0	0	0	0	0	0	0	0	0	0	0	0	0	0	0	0	0
150460	0	0	0	0	0	0	0	0	27331.0	0	0	0	0	0	0	0	0	0	0	0	0	0	0	0	0	0	0	0	0	0	0	0	0
150556	0	0	0	0	0	0	0	0	6454.0	0	0	0	0	0	0	0	0	0	0	0	0	0	0	0	0	0	0	0	0	0	0	0	0
150473	0	0	0	0	0	0	0	0	38692.0	0	0	0	0	0	0	0	0	0	0	0	0	0	0	0	0	0	0	0	0	0	0	0	0
150575	0	0	0	0	0	0	0	0	5002.0	0	0	0	0	0	0	0	0	0	0	0	0	0	0	0	0	0	0	0	0	0	0	0	0
150671	0	0	0	0	0	0	0	0	5010.0	0	0	0	0	0	0	0	0	0	0	0	0	0	0	0	0	0	0	0	0	0	0	0	0
150262	0	0	0	0	0	0	0	0	18467.0	0	0	0	0	0	0	0	0	0	0	0	0	0	0	0	0	0	0	0	0	0	0	0	0
150684	0	0	0	0	0	0	0	0	32464.0	0	0	0	0	0	0	0	0	0	0	0	0	0	0	0	0	0	0	0	0	0	0	0	0
150498	0	0	0	0	0	0	0	0	25875.0	0	0	0	0	0	0	0	0	0	0	0	0	0	0	0	0	0	0	0	0	0	0	0	0
150623	0	0	0	0	0	0	0	0	12092.0	0	0	0	0	0	0	0	0	0	0	0	0	0	0	0	0	0	0	0	0	0	0	0	0
150353	0	0	0	0	0	0	0	0	7052.0	0	0	0	0	0	0	0	0	0	0	0	0	0	0	0	0	0	0	0	0	0	0	0	0
150734	0	0	0	0	0	0	0	0	34932.0	0	0	0	0	0	0	0	0	0	0	0	0	0	0	0	0	0	0	0	0	0	0	0	0
150630	0	0	0	0	0	0	0	0	11238.0	0	0	0	0	0	0	0	0	0	0	0	0	0	0	0	0	0	0	0	0	0	0	0	0
150614	0	0	0	0	0	0	0	0	6978.0	0	0	0	0	0	0	0	0	0	0	0	0	0	0	0	0	0	0	0	0	0	0	0	0
150563	0	0	0	0	0	0	0	0	28898.0	0	0	0	0	0	0	0	0	0	0	0	0	0	0	0	0	0	0	0	0	0	0	0	0
150564	0	0	0	0	0	0	0	0	10308.0	0	0	0	0	0	0	0	0	0	0	0	0	0	0	0	0	0	0	0	0	0	716.0	0	0
150551	0	0	0	0	0	0	0	0	0	6041.0	0	0	0	0	0	0	0	0	0	0	0	0	0	0	0	0	0	0	0	0	0	0	0
150672	0	0	0	0	0	0	0	0	0	7729.0	0	0	0	0	0	0	0	0	0	0	0	0	0	0	0	0	0	0	0	0	0	0	0
150625	0	0	0	0	0	0	0	0	0	6650.0	0	0	0	0	0	0	0	0	0	0	0	0	0	0	0	0	0	0	0	0	0	0	0
150254	0	0	0	0	0	0	0	0	0	9463.0	0	0	0	0	0	0	0	0	0	0	0	0	0	0	0	0	0	0	0	0	0	0	0
150755	0	0	0	0	0	0	0	0	0	4277.0	0	0	0	0	0	0	0	0	0	0	0	0	0	0	0	0	0	0	0	0	0	0	0
150727	0	0	0	0	0	0	0	0	0	6587.0	0	0	0	0	0	0	0	185.0	0	0	0	0	0	0	0	0	0	0	0	0	0	0	0
150718	0	0	0	0	0	0	0	0	0	7186.0	0	0	0	0	0	0	0	0	0	0	0	0	0	0	0	0	0	0	0	0	0	0	0
150654	0	0	0	0	0	0	0	0	0	7661.0	0	0	0	0	0	0	0	190.0	0	0	0	0	0	0	0	0	0	0	0	0	0	0	0
150725	0	0	0	0	0	0	0	0	0	5667.0	0	0	0	0	0	0	0	139.0	0	0	0	0	0	0	0	0	0	0	0	0	0	0	0
150749	0	0	0	0	0	0	0	0	0	6580.0	0	0	0	0	0	0	0	0	0	0	0	0	0	0	0	0	0	0	0	0	0	0	0
150241	0	0	0	0	0	0	0	0	0	6168.0	0	0	0	0	0	0	0	0	0	0	0	0	0	0	0	0	0	0	0	0	0	0	0
150514	0	0	0	0	0	0	0	0	0	9565.0	0	0	0	0	0	0	0	0	0	0	0	0	0	0	0	0	0	0	0	0	0	0	0
150656	0	0	0	0	0	0	0	0	0	9763.0	0	0	0	0	0	0	0	0	0	0	0	0	0	0	0	0	0	0	0	0	0	0	0
150628	0	190.0	0	12.0	0	0	0	0	0	9580.0	0	0	0	0	0	0	0	0	0	0	0	0	0	0	0	0	0	0	0	0	0	0	0
150354	0	0	0	0	0	0	0	0	0	6944.0	0	0	0	0	0	0	0	214.0	0	0	0	0	0	0	0	0	0	0	0	0	0	0	0
150664	0	0	0	0	0	0	0	0	0	4332.0	0	0	0	0	0	0	0	132.0	0	0	0	0	0	0	0	0	0	0	0	0	0	0	0
150751	0	0	0	0	0	0	0	0	0	5424.0	0	0	0	0	0	0	0	0	0	0	0	0	0	0	0	0	0	0	0	0	0	0	0
150743	0	0	0	0	0	0	0	0	0	7058.0	0	0	0	0	0	0	0	0	0	0	0	0	0	0	0	0	0	0	0	0	0	0	0
150559	0	0	0	0	0	0	0	0	0	0	204.0	0	0	0	0	0	0	0	0	0	0	0	0	0	0	0	0	0	0	0	0	0	0
150537	0	0	0	0	0	0	0	0	0	0	166.0	0	0	0	0	0	0	0	0	0	0	0	0	0	0	0	0	0	0	0	0	0	0
150226	0	0	0	0	0	0	0	0	0	0	112.0	0	0	0	0	0	0	0	0	0	0	0	0	0	0	0	0	0	0	0	0	0	0
150387	0	0	0	0	0	0	0	0	0	0	244.0	0	0	0	0	0	0	0	0	0	0	0	0	0	0	0	0	0	0	0	0	0	0
150492	0	0	0	0	0	0	0	0	0	0	196.0	0	0	0	0	0	0	0	0	0	0	0	0	0	0	0	0	0	0	0	0	0	0
150509	0	0	0	0	0	0	0	0	0	0	486.0	0	0	0	0	0	0	0	0	0	0	0	0	0	0	0	0	0	0	0	0	0	0
150620	0	0	0	0	0	0	0	0	0	0	449.0	0	0	0	0	0	0	0	0	0	0	0	0	0	0	0	0	0	0	0	0	0	0
150658	0	0	0	0	0	0	0	0	0	0	414.0	0	0	0	0	0	0	0	0	0	0	0	0	0	0	0	0	0	0	0	0	0	0
150592	0	0	0	0	0	0	0	0	0	0	319.0	0	0	0	0	0	0	0	0	0	0	0	0	0	0	0	0	0	0	0	0	0	0
150666	0	0	0	0	0	0	0	0	0	0	410.0	0	0	0	0	0	0	0	0	0	0	0	0	0	0	0	0	0	0	0	0	0	0
150328	0	0	0	0	0	0	0	0	0	0	276.0	0	0	0	0	0	0	0	0	0	0	0	0	0	0	0	0	0	0	0	0	0	0
150423	0	0	0	0	0	0	0	0	0	0	220.0	0	0	0	0	0	0	0	0	0	0	0	0	0	0	0	0	0	0	0	0	0	0
150686	0	0	0	0	0	0	0	0	0	0	149.0	0	0	0	0	0	0	0	0	0	0	0	0	0	0	0	0	0	0	0	0	0	0
150738	0	0	0	0	0	0	0	0	0	0	0	288.0	0	0	0	0	0	0	0	0	0	0	0	0	0	0	0	0	0	0	0	0	0
150385	0	0	0	0	0	0	0	0	0	0	0	184.0	0	0	0	0	0	0	0	0	0	0	0	0	0	0	0	0	0	0	0	0	0
150682	0	0	0	0	0	0	0	0	0	0	0	680.0	0	0	0	0	0	0	0	0	0	0	0	0	0	0	0	0	0	0	0	0	0
150554	0	0	0	0	0	0	0	0	0	0	0	455.0	0	0	0	0	0	0	0	0	0	0	0	0	0	0	0	0	0	0	0	0	0
150756	0	0	0	0	0	0	0	0	0	0	0	502.0	0	0	0	0	0	0	0	0	0	0	0	0	0	0	0	0	0	0	0	0	0
150677	0	0	0	0	0	0	0	0	0	0	0	325.0	0	0	0	0	0	0	0	0	0	0	0	0	0	0	0	0	0	0	0	0	0
150334	0	0	0	0	0	0	0	0	0	0	0	477.0	0	0	0	0	0	0	0	0	0	0	0	0	0	0	0	0	0	0	0	0	0
150615	0	0	0	0	0	0	0	0	0	0	0	343.0	0	0	0	0	0	0	0	0	0	0	0	0	0	0	0	0	0	0	0	0	0
150646	0	0	0	0	0	0	0	0	0	0	0	459.0	0	0	0	0	0	0	0	0	0	0	0	0	0	0	0	0	0	0	0	0	0
150413	0	0	0	0	0	0	0	0	0	0	0	342.0	0	0	0	0	0	0	0	0	0	0	0	0	0	0	0	0	0	0	0	0	0
150390	0	0	0	0	0	0	0	0	0	0	0	359.0	0	0	0	0	0	0	0	0	0	0	0	0	0	0	0	0	0	0	0	0	0
150608	0	0	0	0	0	0	0	0	0	0	0	319.0	0	0	0	0	0	0	0	0	0	0	0	0	0	0	0	0	0	0	0	0	0
150757	0	0	0	0	0	0	0	0	0	0	0	0	269.0	0	0	0	0	0	0	0	0	0	0	0	0	0	0	0	0	0	0	0	0
150369	0	0	0	0	0	0	0	0	0	0	0	0	1602.0	0	0	0	0	0	0	0	0	0	0	0	0	0	0	0	0	0	0	0	0
150507	0	0	0	0	0	0	0	0	0	0	0	0	219.0	0	0	0	0	0	0	0	0	0	0	0	0	0	0	0	0	0	0	0	0
150549	0	0	0	0	0	0	0	0	0	0	0	0	405.0	0	0	0	0	0	0	0	0	0	0	0	0	0	0	0	0	0	0	0	0
150452	0	0	0	0	0	0	0	0	0	0	0	0	184.0	0	0	0	0	0	0	0	0	0	0	0	0	0	0	0	0	0	0	0	0
150242	0	0	0	0	0	0	0	0	0	0	0	0	329.0	0	0	0	0	0	0	0	0	0	0	0	0	0	0	0	0	0	0	0	0
150246	0	0	0	0	0	0	0	0	0	0	0	0	358.0	0	0	0	0	0	0	0	0	0	0	0	0	0	0	0	0	0	0	0	0
150558	0	0	0	0	0	0	0	0	0	0	0	0	636.0	0	0	0	0	0	0	0	0	0	0	0	0	0	0	0	0	0	0	0	0
150723	0	0	0	0	0	0	0	0	0	0	0	0	528.0	0	0	0	0	0	0	0	0	0	0	0	0	0	0	0	0	0	0	0	0
150522	0	0	0	0	0	0	0	0	0	0	0	0	469.0	0	0	0	0	0	0	0	0	0	0	0	0	0	0	0	0	0	0	0	0
150783	0	0	0	0	0	0	0	0	0	0	0	0	0	274.0	0	0	0	0	0	0	0	0	0	54.0	0	0	0	0	0	0	0	0	0
150275	0	0	0	0	0	0	0	0	0	0	0	0	0	346.0	0	0	0	0	0	0	0	0	0	69.0	0	0	0	0	0	0	0	0	0
150784	0	0	0	0	0	0	0	0	0	0	0	0	0	596.0	0	0	0	0	0	0	0	114.0	0	0	0	0	0	0	0	0	0	0	0
150266	0	0	0	0	0	0	0	0	0	0	0	0	0	156.0	0	0	0	0	0	0	0	0	0	50.0	0	0	0	0	0	0	0	0	0
150289	0	0	0	0	0	0	0	0	0	0	0	0	0	442.0	0	0	0	0	0	0	0	0	0	106.0	0	0	0	0	0	0	0	0	0
150279	0	0	0	0	0	0	0	0	0	0	0	0	0	260.0	0	0	0	0	0	0	0	101.0	0	0	0	0	0	0	0	0	0	0	0
150763	0	0	0	0	0	0	0	0	0	0	0	0	0	294.0	0	0	0	0	0	0	0	58.0	0	0	0	0	0	0	0	0	0	0	0
150263	0	0	0	0	0	159.0	0	0	0	0	0	0	0	607.0	0	0	0	0	0	36.0	0	0	0	0	0	0	0	0	0	0	0	0	0
150768	0	0	0	0	0	0	0	0	0	0	0	0	0	186.0	0	0	0	0	0	0	0	48.0	0	0	0	0	0	0	0	0	0	0	0
150453	0	0	0	0	0	0	0	0	0	0	0	0	0	0	122.0	0	0	0	0	0	0	0	0	0	0	0	0	0	0	18.0	0	0	0
150704	0	0	0	0	0	0	0	0	0	0	0	0	0	0	193.0	0	0	0	0	0	0	0	0	0	0	0	0	0	0	0	0	0	0
150690	0	0	0	0	0	0	0	0	0	0	0	0	0	0	265.0	0	0	0	0	0	0	0	0	0	0	0	0	0	0	0	0	0	0
150459	0	0	0	0	0	0	0	0	0	0	0	0	0	0	227.0	0	0	0	0	12.0	0	0	0	0	0	0	0	0	0	0	0	0	0
150567	0	0	0	0	0	0	0	0	0	0	0	0	0	0	306.0	0	0	0	0	20.0	0	0	0	0	0	0	0	0	0	0	0	0	0
150345	0	0	0	0	0	0	0	0	0	0	0	0	0	0	293.0	0	0	0	0	22.0	0	0	0	0	0	0	0	0	0	0	0	0	0
150343	0	0	0	0	0	0	0	0	0	0	0	0	0	0	376.0	0	0	0	0	41.0	0	0	0	0	0	0	0	0	0	0	0	0	0
150555	0	0	0	0	0	0	0	0	0	0	0	0	0	0	169.0	0	0	0	0	23.0	0	0	0	0	0	0	0	0	0	0	0	0	0
150714	0	0	0	0	0	0	0	0	0	0	0	0	0	0	243.0	0	0	0	0	0	0	0	0	0	0	0	0	0	0	0	0	0	0
150253	0	0	0	0	0	0	0	0	0	0	0	0	0	0	0	10327.0	0	0	0	0	0	0	0	0	0	0	0	0	0	0	0	0	0
150535	0	0	0	0	0	0	0	0	0	0	0	0	0	0	0	4271.0	0	0	0	0	0	0	0	0	0	0	0	0	0	0	0	0	0
150412	0	0	0	0	0	0	0	0	0	0	0	0	0	0	0	10117.0	0	0	0	0	0	0	0	0	0	0	0	0	0	0	0	0	0
150790	0	0	0	0	0	0	0	0	0	0	0	0	0	0	0	13534.0	0	0	0	0	0	0	0	0	0	0	0	0	0	0	0	0	0
150760	0	0	0	0	0	0	0	0	0	0	0	0	0	0	0	21604.0	0	0	0	0	0	0	0	0	0	0	0	0	0	0	0	0	0
150732	228.0	0	0	0	0	0	0	0	0	0	0	0	0	0	0	18599.0	0	0	0	0	0	0	0	0	0	0	0	0	0	0	0	0	0
150486	0	0	0	0	0	0	0	0	0	0	0	0	0	0	0	10701.0	0	0	0	0	0	0	0	0	0	0	0	0	0	0	0	0	0
150294	2682.0	0	0	0	0	0	0	0	0	0	0	0	0	0	0	4195.0	0	0	0	0	0	0	0	0	0	0	0	0	0	0	0	0	0
150581	0	0	0	0	0	0	0	0	0	0	0	0	0	0	0	0	27922.0	0	0	0	0	0	0	0	0	0	0	0	0	0	0	0	0
150745	0	0	0	0	0	0	0	0	0	0	0	0	0	0	0	0	21228.0	0	0	0	0	0	0	0	0	0	0	0	0	0	0	0	0
150366	0	0	0	0	0	0	0	0	0	0	0	0	0	0	0	0	26286.0	0	0	0	0	0	0	0	0	0	0	0	0	0	0	0	0
150377	0	0	0	0	0	0	0	0	0	0	0	0	0	0	0	0	19662.0	0	0	0	0	0	0	0	0	0	0	0	0	0	0	0	0
150517	0	0	0	0	0	0	0	0	0	0	0	0	0	0	0	0	18325.0	0	0	0	0	0	0	0	0	0	0	0	0	0	0	0	0
150491	0	0	0	0	0	0	0	0	0	0	0	0	0	0	0	0	15073.0	0	0	0	0	0	0	0	0	0	0	0	0	0	0	0	0
150697	0	0	0	0	0	0	0	0	0	0	0	0	0	0	0	0	12795.0	0	0	0	0	0	0	0	0	0	0	0	0	0	0	0	0
150223	0	0	0	0	0	0	0	0	0	0	0	0	0	0	0	0	5848.0	0	0	0	0	0	0	0	0	0	0	0	0	0	0	0	0
150401	0	0	0	0	0	0	0	0	0	0	0	0	0	0	0	0	0	0	5662.0	0	0	0	0	0	0	0	0	0	0	0	0	0	0
150678	0	0	0	0	0	0	0	0	0	0	0	0	0	0	0	0	0	0	3740.0	0	0	0	0	0	0	0	0	0	0	0	0	0	0
150529	0	0	0	0	0	0	0	0	0	0	0	0	0	0	0	0	0	0	6894.0	0	0	0	0	0	0	0	0	0	0	0	0	0	0
150403	0	0	0	0	0	0	0	0	0	0	0	0	0	0	0	0	0	0	4724.0	0	0	0	0	0	0	0	0	0	0	0	0	0	0
150657	0	0	0	0	0	0	0	0	0	0	0	0	0	0	0	0	0	0	4907.0	0	0	0	0	0	0	0	0	0	0	0	0	0	0
150618	0	0	0	0	0	0	0	0	0	0	0	0	0	0	0	0	0	0	5945.0	0	0	0	0	0	0	0	0	0	0	0	0	0	0
150653	0	0	0	0	0	0	0	0	0	0	0	0	0	0	0	0	0	0	3453.0	0	0	0	0	0	0	0	0	0	0	0	0	0	0
150296	0	0	0	0	0	0	0	0	0	0	0	0	0	0	0	0	0	0	0	0	8189.0	0	0	0	0	0	0	0	0	0	0	0	0
150299	0	0	0	0	0	0	0	0	0	0	0	0	0	0	0	0	0	0	0	0	19231.0	0	0	0	0	0	0	0	0	0	0	0	0
150274	0	0	0	0	0	0	0	0	0	0	0	0	0	0	0	0	0	0	0	0	33545.0	0	0	0	0	0	0	0	0	0	0	0	0
150295	0	0	0	0	0	0	0	0	0	0	0	0	0	0	0	0	0	0	0	0	14332.0	0	0	0	0	0	0	0	0	0	0	0	0
150277	0	0	0	0	0	0	0	0	0	0	0	0	0	0	0	0	0	0	0	0	36527.0	0	0	0	0	0	0	0	0	0	0	0	0
150298	0	0	0	0	0	0	0	0	0	0	0	0	0	0	0	0	0	0	0	0	7277.0	0	0	0	0	0	0	0	0	0	0	0	0
150544	0	0	0	0	0	0	0	0	0	0	0	0	0	0	0	0	0	0	0	0	0	5861.0	0	0	0	0	0	0	0	0	0	0	0
150644	0	0	0	0	0	0	0	0	0	0	0	0	0	0	0	0	0	0	0	0	0	0	14229.0	0	0	0	0	0	0	0	0	0	0
150399	0	0	0	0	0	0	0	0	0	0	0	0	0	0	0	0	0	0	0	0	0	0	15056.0	0	0	0	0	0	0	0	0	0	0
150789	0	0	0	0	0	0	0	0	0	0	0	0	0	0	0	0	0	0	0	0	0	0	15585.0	0	0	0	0	0	0	0	0	0	0
150499	0	0	0	0	0	0	0	0	0	0	0	0	0	0	0	0	0	0	0	0	0	0	13763.0	0	0	0	0	0	0	0	0	0	0
150321	0	0	0	0	0	0	0	0	0	0	0	0	0	0	0	0	0	0	0	0	0	0	12167.0	0	0	0	0	0	0	0	0	0	0
150260	0	0	13773.0	1039.0	0	0	2675.0	0	0	0	0	0	0	0	0	0	0	0	0	0	0	0	0	0	0	0	0	0	0	0	0	0	0
150269	0	0	17047.0	0	0	0	6411.0	0	0	0	0	0	0	0	0	0	0	0	0	0	0	0	0	0	0	0	0	0	0	0	0	0	0
150310	0	0	6380.0	0	0	0	2581.0	0	0	0	0	0	0	0	0	0	0	0	0	0	0	0	0	0	0	0	0	0	0	0	0	0	0
150303	0	0	23170.0	0	0	0	13084.0	0	0	0	0	0	0	0	0	0	0	0	0	0	0	0	0	0	0	0	0	0	0	0	0	0	0
150301	0	0	0	0	0	0	0	0	0	0	0	0	0	0	0	0	0	0	0	0	0	0	0	0	0	0	0	5171.0	1327.0	0	0	0	0
150224	0	0	0	0	0	0	4853.0	0	0	0	0	0	0	0	0	0	0	0	0	0	0	0	0	0	0	0	0	0	0	0	0	28238.0	0
